SURV 10 5 4 [0,1,2,5,4,3,6,11,10,9,8,7,15,14,13,12]
SURV 10 5 4 [1,0,4,3,2,5,6,11,10,9,8,7,15,14,13,12]
SURV 10 6 4 [0,1,2,3,6,5,4,9,8,7,10,13,12,11,15,14]
SURV 10 6 4 [0,1,2,5,4,3,6,11,10,9,8,7,13,12,15,14]
SURV 10 6 4 [1,0,2,5,4,3,6,11,10,9,8,7,15,14,13,12]
SURV 10 6 4 [1,0,3,2,8,7,6,5,4,9,10,13,12,11,15,14]
SURV 10 6 4 [1,0,4,3,2,5,8,7,6,11,10,9,15,14,13,12]
SURV 10 6 8 [0,1,2,5,4,3,6,11,10,9,8,7,13,14,15,12]
SURV 10 6 8 [1,0,4,3,2,5,6,11,10,9,8,7,13,14,15,12]
SURV 10 7 4 [0,1,2,5,4,3,6,9,8,7,10,13,12,11,15,14]
SURV 10 7 4 [0,1,2,5,4,3,6,11,8,9,10,7,15,14,13,12]
SURV 10 7 4 [0,1,2,5,4,3,6,11,12,13,10,7,8,9,15,14]
SURV 10 7 4 [1,0,2,3,6,5,4,9,8,7,10,13,12,11,15,14]
SURV 10 7 4 [1,0,2,5,4,3,6,11,10,9,8,7,13,12,15,14]
SURV 10 7 4 [1,0,3,2,6,5,4,9,8,7,10,13,12,11,15,14]
SURV 10 7 4 [1,0,4,3,2,5,6,9,8,7,10,13,12,11,15,14]
SURV 10 7 4 [1,0,4,3,2,5,6,11,8,9,10,7,15,14,13,12]
SURV 10 7 4 [1,0,4,3,2,5,6,11,12,13,10,7,8,9,15,14]
SURV 10 7 4 [1,0,4,3,2,5,8,7,6,11,10,9,12,15,14,13]
SURV 10 7 4 [1,0,4,3,2,5,8,7,6,13,14,15,12,9,10,11]
SURV 10 7 4 [1,0,4,3,2,5,11,12,13,10,9,6,7,8,15,14]
SURV 10 7 4 [1,0,11,12,13,10,7,8,9,4,5,6,3,2,15,14]
SURV 10 7 4 [1,0,11,12,13,10,7,8,9,6,5,2,3,4,15,14]
SURV 10 7 4 [1,0,13,14,15,12,9,10,11,6,7,8,5,2,3,4]
SURV 10 7 8 [1,0,2,5,4,3,6,11,10,9,8,7,13,14,15,12]
SURV 10 7 8 [1,0,4,3,2,5,8,7,6,11,10,9,13,14,15,12]
SURV 10 7 8 [1,0,4,3,2,5,8,7,6,11,12,13,10,9,15,14]
SURV 10 8 4 [0,1,2,5,4,3,6,11,8,9,10,7,13,12,15,14]
SURV 10 8 4 [0,2,1,3,6,5,4,9,8,7,10,13,12,11,15,14]
SURV 10 8 4 [1,0,2,5,4,3,6,9,8,7,10,13,12,11,15,14]
SURV 10 8 4 [1,0,2,5,4,3,6,11,8,9,10,7,15,14,13,12]
SURV 10 8 4 [1,0,2,5,4,3,6,11,12,13,10,7,8,9,15,14]
SURV 10 8 4 [1,0,3,2,8,5,6,7,4,9,10,13,12,11,15,14]
SURV 10 8 4 [1,0,4,3,2,5,8,7,6,13,10,11,12,9,15,14]
SURV 10 8 4 [1,0,9,12,11,10,13,6,7,8,5,2,3,4,15,14]
SURV 10 8 4 [1,0,11,12,13,10,7,8,9,6,3,4,5,2,15,14]
SURV 10 8 4 [1,0,11,12,13,10,9,4,7,6,5,8,2,3,15,14]
SURV 10 8 8 [0,1,2,5,4,3,6,11,8,9,10,7,13,14,15,12]
SURV 10 8 8 [1,0,4,3,2,5,6,11,8,9,10,7,13,14,15,12]
SURV 10 8 8 [1,0,4,3,2,5,8,7,6,11,10,9,12,14,15,13]
SURV 10 8 8 [1,0,12,15,14,13,7,10,9,8,11,6,5,2,3,4]
SURV 10 9 4 [1,0,2,5,4,3,6,11,8,9,10,7,13,12,15,14]
SURV 10 9 4 [1,0,12,13,7,10,9,8,11,6,3,4,5,2,15,14]
SURV 10 9 8 [1,0,2,5,4,3,6,11,8,9,10,7,13,14,15,12]
SURV 10 9 8 [1,0,12,15,14,13,7,10,9,8,11,6,2,5,4,3]
SURV 10 9 8 [1,0,12,15,14,13,7,10,9,8,11,6,3,4,5,2]
SURV 10 10 8 [1,0,12,14,15,13,11,6,9,8,7,10,2,5,4,3]
