SURV 9 7 4 [0,2,1,3,6,5,4,7,10,9,8,12,11]
SURV 9 5 4 [0,1,2,3,6,5,4,7,10,9,8,12,11]
SURV 9 5 4 [0,1,2,5,4,3,6,7,10,9,8,12,11]
SURV 9 5 2 [0,1,2,5,4,3,6,9,8,7,10,11,12]
SURV 9 6 4 [0,1,2,5,4,3,6,9,8,7,10,12,11]
SURV 9 5 2 [1,0,4,3,2,5,6,7,10,9,8,12,11]
SURV 9 6 4 [1,0,4,3,2,5,7,6,10,9,8,12,11]
SURV 9 7 8 [1,0,4,3,2,5,8,7,6,9,11,12,10]
SURV 9 6 4 [1,0,4,3,2,5,8,7,6,9,12,11,10]
SURV 9 6 8 [1,0,4,3,2,5,8,7,6,10,11,12,9]
SURV 9 5 4 [1,0,4,3,2,5,8,7,6,12,11,10,9]
SURV 9 6 8 [1,0,4,3,2,5,8,9,10,7,6,12,11]
SURV 9 7 4 [1,0,4,3,2,5,10,7,8,9,6,12,11]
SURV 9 5 4 [1,0,4,3,2,5,10,9,8,7,6,12,11]
SURV 9 6 4 [1,0,4,3,2,5,10,11,12,9,6,7,8]
SURV 9 6 4 [1,0,4,3,2,5,11,12,8,9,10,6,7]
SURV 9 6 4 [1,0,4,3,2,6,7,5,10,9,8,12,11]
SURV 9 7 4 [1,2,3,0,8,5,6,7,4,10,11,12,9]
SURV 9 7 4 [1,2,3,0,8,5,6,7,4,12,9,10,11]
SURV 9 6 8 [1,2,3,0,8,5,6,7,4,12,11,10,9]
SURV 9 5 4 [1,2,3,0,8,7,6,5,4,10,11,12,9]
SURV 9 5 4 [1,2,3,0,8,7,6,5,4,12,9,10,11]
SURV 9 4 8 [1,2,3,0,8,7,6,5,4,12,11,10,9]
SURV 9 6 8 [1,0,8,7,6,9,12,11,10,2,5,4,3]
SURV 9 6 4 [1,0,8,9,10,5,7,6,2,3,4,12,11]
SURV 9 6 4 [1,0,8,9,10,6,7,5,2,3,4,12,11]
SURV 9 6 4 [1,0,8,9,10,7,4,5,6,2,3,12,11]
SURV 9 6 4 [1,0,8,9,10,7,4,5,6,3,2,12,11]
SURV 9 6 4 [1,0,8,9,10,7,6,3,4,5,2,12,11]
SURV 9 5 2 [1,0,8,9,10,7,6,5,2,3,4,12,11]
SURV 9 7 2 [1,0,9,10,4,7,6,5,8,2,3,12,11]
SURV 9 7 8 [1,0,9,12,11,10,4,7,6,5,8,2,3]
SURV 9 6 4 [1,0,9,12,11,10,6,7,8,2,5,4,3]
SURV 9 6 8 [1,0,9,12,11,10,6,7,8,5,2,3,4]
SURV 9 7 2 [1,0,10,7,8,9,6,3,4,5,2,12,11]
SURV 9 5 2 [1,0,10,9,8,5,6,7,4,3,2,12,11]
SURV 9 6 4 [1,0,10,11,12,9,6,7,8,5,2,3,4]
SURV 9 6 4 [1,0,2,3,6,5,4,7,10,9,8,12,11]
SURV 9 6 4 [1,0,2,5,4,3,6,7,10,9,8,12,11]
SURV 9 7 2 [1,0,2,5,4,3,6,9,8,7,10,12,11]
SURV 9 6 4 [1,0,11,12,6,5,4,7,10,9,8,2,3]
SURV 9 6 4 [1,0,11,12,8,9,10,7,4,5,6,2,3]
SURV 9 6 4 [1,0,6,5,4,7,10,9,8,2,3,12,11]
SURV 9 6 8 [1,0,6,7,8,5,2,3,4,10,11,12,9]
SURV 9 5 4 [1,0,6,7,8,5,2,3,4,12,11,10,9]
SURV 9 5 4 [1,0,6,7,8,9,10,5,2,3,4,12,11]
SURV 9 6 8 [1,0,6,7,10,9,8,5,2,3,4,12,11]
SURV 9 7 4 [1,0,6,9,8,7,10,5,2,3,4,12,11]
SURV 9 8 8 [1,0,6,10,8,9,7,5,2,3,4,12,11]
SURV 9 6 8 [1,0,6,10,9,8,7,5,2,3,4,12,11]
SURV 9 6 4 [1,0,3,2,6,5,4,7,10,9,8,12,11]
SURV 9 7 2 [1,0,3,2,8,5,6,7,4,10,9,12,11]
SURV 9 7 8 [1,0,3,2,8,5,6,7,4,10,11,12,9]
SURV 9 6 4 [1,0,3,2,8,5,6,7,4,12,11,10,9]
SURV 9 5 2 [1,0,3,2,8,7,6,5,4,10,9,12,11]
SURV 9 5 8 [1,0,3,2,8,7,6,5,4,10,11,12,9]
SURV 9 4 4 [1,0,3,2,8,7,6,5,4,12,11,10,9]
SURV 9 6 4 [1,0,3,2,8,9,10,7,4,5,6,12,11]
SURV 9 6 8 [1,0,3,4,5,6,2,7,10,9,8,12,11]
SURV 9 8 8 [1,0,3,5,4,6,2,7,10,9,8,12,11]
SURV 9 5 2 [3,2,1,0,8,5,6,7,4,12,11,10,9]
SURV 9 3 2 [3,2,1,0,8,7,6,5,4,12,11,10,9]
