SURV 10 5 4 [0,1,2,3,4,7,6,5,8,11,10,9,13,12]
SURV 10 6 4 [0,1,2,3,4,9,6,7,8,5,11,10,13,12]
SURV 10 6 8 [0,1,2,3,4,9,6,7,8,5,11,12,13,10]
SURV 10 5 4 [0,1,2,3,4,9,6,7,8,5,13,12,11,10]
SURV 10 4 4 [0,1,2,3,4,9,8,7,6,5,11,10,13,12]
SURV 10 4 8 [0,1,2,3,4,9,8,7,6,5,11,12,13,10]
SURV 10 3 4 [0,1,2,3,4,9,8,7,6,5,13,12,11,10]
SURV 10 5 4 [0,1,2,3,4,9,10,11,8,5,6,7,13,12]
SURV 10 5 4 [0,1,2,3,6,5,4,7,8,11,10,9,13,12]
SURV 10 5 4 [0,1,2,3,6,5,4,7,10,9,8,11,12,13]
SURV 10 6 4 [0,1,2,3,6,5,4,7,10,9,8,11,13,12]
SURV 10 4 2 [0,1,2,3,6,5,4,9,8,7,10,11,12,13]
SURV 10 5 4 [0,1,2,3,6,5,4,9,8,7,10,11,13,12]
SURV 10 6 4 [0,1,2,3,6,5,4,9,8,7,10,12,11,13]
SURV 10 6 8 [0,1,2,3,6,5,4,9,8,7,10,12,13,11]
SURV 10 5 4 [0,1,2,3,6,5,4,9,8,7,10,13,12,11]
SURV 10 5 4 [0,1,2,3,6,5,4,9,8,7,11,10,13,12]
SURV 10 5 8 [0,1,2,3,6,5,4,9,8,7,11,12,13,10]
SURV 10 4 4 [0,1,2,3,6,5,4,9,8,7,13,12,11,10]
SURV 10 5 8 [0,1,2,3,6,5,4,9,10,11,8,7,13,12]
SURV 10 6 4 [0,1,2,3,6,5,4,11,8,9,10,7,13,12]
SURV 10 5 4 [0,1,2,3,6,5,4,11,12,13,10,7,8,9]
SURV 10 5 4 [0,1,2,3,9,10,11,8,7,4,5,6,13,12]
SURV 10 6 4 [0,1,2,4,3,7,6,5,8,11,10,9,13,12]
SURV 10 6 8 [0,1,2,4,5,6,7,3,8,11,10,9,13,12]
SURV 10 8 8 [0,1,2,4,6,5,7,3,8,11,10,9,13,12]
SURV 10 5 4 [0,1,2,5,4,3,6,7,8,11,10,9,13,12]
SURV 10 5 2 [0,1,2,5,4,3,6,7,10,9,8,11,12,13]
SURV 10 6 4 [0,1,2,5,4,3,6,7,10,9,8,11,13,12]
SURV 10 6 4 [0,1,2,5,4,3,6,8,7,11,10,9,13,12]
SURV 10 6 8 [0,1,2,5,4,3,6,8,9,10,11,7,13,12]
SURV 10 8 8 [0,1,2,5,4,3,6,8,10,9,11,7,13,12]
SURV 10 6 4 [0,1,2,5,4,3,6,9,8,7,10,11,13,12]
SURV 10 7 4 [0,1,2,5,4,3,6,9,8,7,10,12,11,13]
SURV 10 7 8 [0,1,2,5,4,3,6,9,8,7,10,12,13,11]
SURV 10 6 4 [0,1,2,5,4,3,6,9,8,7,10,13,12,11]
SURV 10 6 4 [0,1,2,5,4,3,6,9,8,7,11,10,13,12]
SURV 10 6 8 [0,1,2,5,4,3,6,9,8,7,11,12,13,10]
SURV 10 5 4 [0,1,2,5,4,3,6,9,8,7,13,12,11,10]
SURV 10 6 8 [0,1,2,5,4,3,6,9,10,11,8,7,13,12]
SURV 10 7 4 [0,1,2,5,4,3,6,11,8,9,10,7,13,12]
SURV 10 5 4 [0,1,2,5,4,3,6,11,10,9,8,7,13,12]
SURV 10 6 4 [0,1,2,5,4,3,6,11,12,13,10,7,8,9]
SURV 10 6 4 [0,1,2,5,4,3,6,12,13,9,10,11,7,8]
SURV 10 6 4 [0,1,2,5,4,3,7,6,8,11,10,9,13,12]
SURV 10 6 8 [0,1,2,5,4,3,7,8,6,11,10,9,13,12]
SURV 10 6 8 [0,1,2,5,6,7,4,3,8,11,10,9,13,12]
SURV 10 7 4 [0,1,2,7,4,5,6,3,8,11,10,9,13,12]
SURV 10 5 4 [0,1,2,7,6,5,4,3,8,11,10,9,13,12]
SURV 10 5 4 [0,1,2,9,10,11,8,7,6,3,4,5,13,12]
SURV 10 7 4 [0,1,2,11,8,9,10,7,4,5,6,3,13,12]
SURV 10 6 4 [0,1,2,11,12,13,10,7,8,9,6,3,4,5]
SURV 10 7 4 [0,1,3,2,4,7,6,5,8,11,10,9,13,12]
SURV 10 8 4 [0,1,3,2,4,9,6,7,8,5,11,10,13,12]
SURV 10 8 8 [0,1,3,2,4,9,6,7,8,5,11,12,13,10]
SURV 10 7 4 [0,1,3,2,4,9,6,7,8,5,13,12,11,10]
SURV 10 6 4 [0,1,3,2,4,9,8,7,6,5,11,10,13,12]
SURV 10 6 8 [0,1,3,2,4,9,8,7,6,5,11,12,13,10]
SURV 10 5 4 [0,1,3,2,4,9,8,7,6,5,13,12,11,10]
SURV 10 7 4 [0,1,3,2,4,9,10,11,8,5,6,7,13,12]
SURV 10 7 8 [0,1,3,4,2,7,6,5,8,11,10,9,13,12]
SURV 10 6 4 [0,1,4,3,2,7,6,5,8,11,10,9,13,12]
SURV 10 7 4 [0,2,1,3,4,7,6,5,8,11,10,9,13,12]
SURV 10 8 4 [0,2,1,3,4,9,6,7,8,5,11,10,13,12]
SURV 10 8 8 [0,2,1,3,4,9,6,7,8,5,11,12,13,10]
SURV 10 7 4 [0,2,1,3,4,9,6,7,8,5,13,12,11,10]
SURV 10 6 4 [0,2,1,3,4,9,8,7,6,5,11,10,13,12]
SURV 10 6 8 [0,2,1,3,4,9,8,7,6,5,11,12,13,10]
SURV 10 5 4 [0,2,1,3,4,9,8,7,6,5,13,12,11,10]
SURV 10 7 4 [0,2,1,3,4,9,10,11,8,5,6,7,13,12]
SURV 10 7 4 [0,2,1,3,6,5,4,7,8,11,10,9,13,12]
SURV 10 8 4 [0,2,1,3,6,5,4,7,10,9,8,11,13,12]
SURV 10 7 4 [0,2,1,3,6,5,4,9,8,7,10,11,13,12]
SURV 10 8 2 [0,2,1,3,6,5,4,9,8,7,10,12,11,13]
SURV 10 8 8 [0,2,1,3,6,5,4,9,8,7,10,12,13,11]
SURV 10 7 4 [0,2,1,3,6,5,4,9,8,7,10,13,12,11]
SURV 10 7 4 [0,2,1,3,6,5,4,9,8,7,11,10,13,12]
SURV 10 7 8 [0,2,1,3,6,5,4,9,8,7,11,12,13,10]
SURV 10 6 4 [0,2,1,3,6,5,4,9,8,7,13,12,11,10]
SURV 10 7 8 [0,2,1,3,6,5,4,9,10,11,8,7,13,12]
SURV 10 8 4 [0,2,1,3,6,5,4,11,8,9,10,7,13,12]
SURV 10 7 4 [0,2,1,3,6,5,4,11,12,13,10,7,8,9]
SURV 10 7 4 [0,2,1,3,9,10,11,8,7,4,5,6,13,12]
SURV 10 8 8 [0,2,3,1,4,7,6,5,8,11,10,9,13,12]
SURV 10 9 8 [0,2,3,1,4,9,6,7,8,5,11,10,13,12]
SURV 10 9 8 [0,2,3,1,4,9,6,7,8,5,11,12,13,10]
SURV 10 9 8 [0,2,3,1,4,9,6,7,8,5,13,10,11,12]
SURV 10 8 8 [0,2,3,1,4,9,6,7,8,5,13,12,11,10]
SURV 10 7 8 [0,2,3,1,4,9,8,7,6,5,11,10,13,12]
SURV 10 7 8 [0,2,3,1,4,9,8,7,6,5,11,12,13,10]
SURV 10 7 8 [0,2,3,1,4,9,8,7,6,5,13,10,11,12]
SURV 10 6 8 [0,2,3,1,4,9,8,7,6,5,13,12,11,10]
SURV 10 8 8 [0,2,3,1,4,9,10,11,8,5,6,7,13,12]
SURV 10 7 4 [0,3,2,1,4,7,6,5,8,11,10,9,13,12]
SURV 10 8 4 [0,3,2,1,4,9,6,7,8,5,11,10,13,12]
SURV 10 8 8 [0,3,2,1,4,9,6,7,8,5,11,12,13,10]
SURV 10 7 4 [0,3,2,1,4,9,6,7,8,5,13,12,11,10]
SURV 10 6 4 [0,3,2,1,4,9,8,7,6,5,11,10,13,12]
SURV 10 6 8 [0,3,2,1,4,9,8,7,6,5,11,12,13,10]
SURV 10 5 4 [0,3,2,1,4,9,8,7,6,5,13,12,11,10]
SURV 10 7 4 [0,3,2,1,4,9,10,11,8,5,6,7,13,12]
SURV 10 8 4 [0,4,2,3,1,7,6,5,8,11,10,9,13,12]
SURV 10 6 4 [0,4,3,2,1,7,6,5,8,11,10,9,13,12]
SURV 10 6 4 [1,0,2,3,4,7,6,5,8,11,10,9,13,12]
SURV 10 7 4 [1,0,2,3,4,9,6,7,8,5,11,10,13,12]
SURV 10 7 8 [1,0,2,3,4,9,6,7,8,5,11,12,13,10]
SURV 10 6 4 [1,0,2,3,4,9,6,7,8,5,13,12,11,10]
SURV 10 5 4 [1,0,2,3,4,9,8,7,6,5,11,10,13,12]
SURV 10 5 8 [1,0,2,3,4,9,8,7,6,5,11,12,13,10]
SURV 10 4 4 [1,0,2,3,4,9,8,7,6,5,13,12,11,10]
SURV 10 6 4 [1,0,2,3,4,9,10,11,8,5,6,7,13,12]
SURV 10 6 4 [1,0,2,3,6,5,4,7,8,11,10,9,13,12]
SURV 10 7 4 [1,0,2,3,6,5,4,7,10,9,8,11,13,12]
SURV 10 6 2 [1,0,2,3,6,5,4,9,8,7,10,11,13,12]
SURV 10 7 8 [1,0,2,3,6,5,4,9,8,7,10,12,13,11]
SURV 10 6 4 [1,0,2,3,6,5,4,9,8,7,10,13,12,11]
SURV 10 6 4 [1,0,2,3,6,5,4,9,8,7,11,10,13,12]
SURV 10 6 8 [1,0,2,3,6,5,4,9,8,7,11,12,13,10]
SURV 10 5 4 [1,0,2,3,6,5,4,9,8,7,13,12,11,10]
SURV 10 6 8 [1,0,2,3,6,5,4,9,10,11,8,7,13,12]
SURV 10 7 4 [1,0,2,3,6,5,4,11,8,9,10,7,13,12]
SURV 10 6 4 [1,0,2,3,6,5,4,11,12,13,10,7,8,9]
SURV 10 6 4 [1,0,2,3,9,10,11,8,7,4,5,6,13,12]
SURV 10 7 4 [1,0,2,4,3,7,6,5,8,11,10,9,13,12]
SURV 10 7 8 [1,0,2,4,5,6,7,3,8,11,10,9,13,12]
SURV 10 9 8 [1,0,2,4,6,5,7,3,8,11,10,9,13,12]
SURV 10 6 4 [1,0,2,5,4,3,6,7,8,11,10,9,13,12]
SURV 10 7 2 [1,0,2,5,4,3,6,7,10,9,8,11,13,12]
SURV 10 7 4 [1,0,2,5,4,3,6,8,7,11,10,9,13,12]
SURV 10 7 8 [1,0,2,5,4,3,6,8,9,10,11,7,13,12]
SURV 10 9 8 [1,0,2,5,4,3,6,8,10,9,11,7,13,12]
SURV 10 8 8 [1,0,2,5,4,3,6,9,8,7,10,12,13,11]
SURV 10 7 4 [1,0,2,5,4,3,6,9,8,7,10,13,12,11]
SURV 10 7 4 [1,0,2,5,4,3,6,9,8,7,11,10,13,12]
SURV 10 7 8 [1,0,2,5,4,3,6,9,8,7,11,12,13,10]
SURV 10 6 4 [1,0,2,5,4,3,6,9,8,7,13,12,11,10]
SURV 10 7 8 [1,0,2,5,4,3,6,9,10,11,8,7,13,12]
SURV 10 8 4 [1,0,2,5,4,3,6,11,8,9,10,7,13,12]
SURV 10 6 4 [1,0,2,5,4,3,6,11,10,9,8,7,13,12]
SURV 10 7 4 [1,0,2,5,4,3,6,11,12,13,10,7,8,9]
SURV 10 7 4 [1,0,2,5,4,3,6,12,13,9,10,11,7,8]
SURV 10 7 4 [1,0,2,5,4,3,7,6,8,11,10,9,13,12]
SURV 10 7 8 [1,0,2,5,4,3,7,8,6,11,10,9,13,12]
SURV 10 7 8 [1,0,2,5,6,7,4,3,8,11,10,9,13,12]
SURV 10 8 4 [1,0,2,7,4,5,6,3,8,11,10,9,13,12]
SURV 10 6 4 [1,0,2,7,6,5,4,3,8,11,10,9,13,12]
SURV 10 6 4 [1,0,2,9,10,11,8,7,6,3,4,5,13,12]
SURV 10 8 4 [1,0,2,11,8,9,10,7,4,5,6,3,13,12]
SURV 10 7 4 [1,0,2,11,12,13,10,7,8,9,6,3,4,5]
SURV 10 7 4 [1,0,3,2,4,7,6,5,8,11,10,9,13,12]
SURV 10 8 4 [1,0,3,2,4,9,6,7,8,5,11,10,13,12]
SURV 10 8 8 [1,0,3,2,4,9,6,7,8,5,11,12,13,10]
SURV 10 7 4 [1,0,3,2,4,9,6,7,8,5,13,12,11,10]
SURV 10 6 4 [1,0,3,2,4,9,8,7,6,5,11,10,13,12]
SURV 10 6 8 [1,0,3,2,4,9,8,7,6,5,11,12,13,10]
SURV 10 5 4 [1,0,3,2,4,9,8,7,6,5,13,12,11,10]
SURV 10 7 4 [1,0,3,2,4,9,10,11,8,5,6,7,13,12]
SURV 10 6 4 [1,0,3,2,6,5,4,7,8,11,10,9,13,12]
SURV 10 7 8 [1,0,3,2,6,5,4,9,8,7,10,12,13,11]
SURV 10 6 4 [1,0,3,2,6,5,4,9,8,7,10,13,12,11]
SURV 10 6 2 [1,0,3,2,6,5,4,9,8,7,11,10,13,12]
SURV 10 6 8 [1,0,3,2,6,5,4,9,8,7,11,12,13,10]
SURV 10 5 4 [1,0,3,2,6,5,4,9,8,7,13,12,11,10]
SURV 10 6 8 [1,0,3,2,6,5,4,9,10,11,8,7,13,12]
SURV 10 7 4 [1,0,3,2,6,5,4,11,8,9,10,7,13,12]
SURV 10 6 4 [1,0,3,2,6,5,4,11,12,13,10,7,8,9]
SURV 10 7 8 [1,0,3,2,6,5,13,12,4,7,8,11,10,9]
SURV 10 8 8 [1,0,3,2,8,5,6,7,4,9,10,12,13,11]
SURV 10 7 4 [1,0,3,2,8,5,6,7,4,9,10,13,12,11]
SURV 10 8 8 [1,0,3,2,8,5,6,7,4,9,11,12,13,10]
SURV 10 10 8 [1,0,3,2,8,5,6,7,4,9,11,13,10,12]
SURV 10 9 8 [1,0,3,2,8,5,6,7,4,9,11,13,12,10]
SURV 10 9 8 [1,0,3,2,8,5,6,7,4,9,12,11,13,10]
SURV 10 8 4 [1,0,3,2,8,5,6,7,4,9,12,13,10,11]
SURV 10 8 8 [1,0,3,2,8,5,6,7,4,9,12,13,11,10]
SURV 10 9 4 [1,0,3,2,8,5,6,7,4,9,13,11,12,10]
SURV 10 7 4 [1,0,3,2,8,5,6,7,4,9,13,12,11,10]
SURV 10 6 8 [1,0,3,2,8,7,6,5,4,9,10,12,13,11]
SURV 10 5 4 [1,0,3,2,8,7,6,5,4,9,10,13,12,11]
SURV 10 6 8 [1,0,3,2,8,7,6,5,4,9,11,12,13,10]
SURV 10 8 8 [1,0,3,2,8,7,6,5,4,9,11,13,10,12]
SURV 10 7 8 [1,0,3,2,8,7,6,5,4,9,11,13,12,10]
SURV 10 7 8 [1,0,3,2,8,7,6,5,4,9,12,11,13,10]
SURV 10 6 4 [1,0,3,2,8,7,6,5,4,9,12,13,10,11]
SURV 10 6 8 [1,0,3,2,8,7,6,5,4,9,12,13,11,10]
SURV 10 7 4 [1,0,3,2,8,7,6,5,4,9,13,11,12,10]
SURV 10 5 4 [1,0,3,2,8,7,6,5,4,9,13,12,11,10]
SURV 10 7 4 [1,0,3,2,8,11,10,9,4,7,6,5,13,12]
SURV 10 7 8 [1,0,3,2,9,10,11,8,5,6,7,4,13,12]
SURV 10 6 4 [1,0,3,2,9,10,11,8,7,4,5,6,13,12]
SURV 10 7 8 [1,0,3,4,2,7,6,5,8,11,10,9,13,12]
SURV 10 6 8 [1,0,3,4,5,6,2,7,8,11,10,9,13,12]
SURV 10 8 8 [1,0,3,5,4,6,2,7,8,11,10,9,13,12]
SURV 10 9 8 [1,0,3,5,6,4,7,2,8,11,10,9,13,12]
SURV 10 8 8 [1,0,3,6,5,4,7,2,8,11,10,9,13,12]
SURV 10 8 4 [1,0,3,6,5,4,7,10,9,8,11,2,13,12]
SURV 10 5 2 [1,0,4,3,2,5,6,7,8,11,10,9,13,12]
SURV 10 6 4 [1,0,4,3,2,5,6,8,7,11,10,9,13,12]
SURV 10 7 8 [1,0,4,3,2,5,6,9,8,7,10,12,13,11]
SURV 10 6 4 [1,0,4,3,2,5,6,9,8,7,10,13,12,11]
SURV 10 6 8 [1,0,4,3,2,5,6,9,8,7,11,12,13,10]
SURV 10 5 4 [1,0,4,3,2,5,6,9,8,7,13,12,11,10]
SURV 10 6 8 [1,0,4,3,2,5,6,9,10,11,8,7,13,12]
SURV 10 7 4 [1,0,4,3,2,5,6,11,8,9,10,7,13,12]
SURV 10 5 4 [1,0,4,3,2,5,6,11,10,9,8,7,13,12]
SURV 10 6 4 [1,0,4,3,2,5,6,11,12,13,10,7,8,9]
SURV 10 6 4 [1,0,4,3,2,5,6,12,13,9,10,11,7,8]
SURV 10 7 2 [1,0,4,3,2,5,7,6,8,11,10,9,13,12]
SURV 10 7 8 [1,0,4,3,2,5,7,8,6,11,10,9,13,12]
SURV 10 7 8 [1,0,4,3,2,5,8,7,6,9,10,12,13,11]
SURV 10 6 4 [1,0,4,3,2,5,8,7,6,9,10,13,12,11]
SURV 10 7 8 [1,0,4,3,2,5,8,7,6,9,11,12,13,10]
SURV 10 9 8 [1,0,4,3,2,5,8,7,6,9,11,13,10,12]
SURV 10 8 8 [1,0,4,3,2,5,8,7,6,9,11,13,12,10]
SURV 10 8 8 [1,0,4,3,2,5,8,7,6,9,12,11,13,10]
SURV 10 7 4 [1,0,4,3,2,5,8,7,6,9,12,13,10,11]
SURV 10 7 8 [1,0,4,3,2,5,8,7,6,9,12,13,11,10]
SURV 10 8 4 [1,0,4,3,2,5,8,7,6,9,13,11,12,10]
SURV 10 6 4 [1,0,4,3,2,5,8,7,6,9,13,12,11,10]
SURV 10 8 8 [1,0,4,3,2,5,8,7,6,10,12,13,9,11]
SURV 10 8 8 [1,0,4,3,2,5,8,7,6,10,12,13,11,9]
SURV 10 8 8 [1,0,4,3,2,5,8,7,6,10,13,12,9,11]
SURV 10 7 8 [1,0,4,3,2,5,8,7,6,10,13,12,11,9]
SURV 10 6 4 [1,0,4,3,2,5,8,7,6,11,10,9,13,12]
SURV 10 6 8 [1,0,4,3,2,5,8,7,6,11,12,13,9,10]
SURV 10 6 8 [1,0,4,3,2,5,8,7,6,11,12,13,10,9]
SURV 10 7 8 [1,0,4,3,2,5,8,7,6,11,13,12,9,10]
SURV 10 7 8 [1,0,4,3,2,5,8,7,6,11,13,12,10,9]
SURV 10 8 8 [1,0,4,3,2,5,8,7,6,12,10,11,13,9]
SURV 10 7 8 [1,0,4,3,2,5,8,7,6,12,11,10,13,9]
SURV 10 7 4 [1,0,4,3,2,5,8,7,6,13,10,11,12,9]
SURV 10 8 4 [1,0,4,3,2,5,8,7,6,13,11,10,12,9]
SURV 10 8 8 [1,0,4,3,2,5,8,7,10,11,6,9,13,12]
SURV 10 8 8 [1,0,4,3,2,5,8,7,11,6,10,9,13,12]
SURV 10 7 8 [1,0,4,3,2,5,8,7,13,12,6,9,10,11]
SURV 10 8 8 [1,0,4,3,2,5,8,9,6,11,10,7,13,12]
SURV 10 7 8 [1,0,4,3,2,5,8,11,10,9,6,7,13,12]
SURV 10 7 8 [1,0,4,3,2,5,9,10,11,8,6,7,13,12]
SURV 10 6 8 [1,0,4,3,2,5,9,10,11,8,7,6,13,12]
SURV 10 8 4 [1,0,4,3,2,5,9,11,10,6,8,7,13,12]
SURV 10 7 8 [1,0,4,3,2,5,10,9,8,11,6,7,13,12]
SURV 10 8 4 [1,0,4,3,2,5,10,9,11,7,6,8,13,12]
SURV 10 8 8 [1,0,4,3,2,5,10,12,13,11,9,6,7,8]
SURV 10 7 4 [1,0,4,3,2,5,10,13,12,11,6,9,8,7]
SURV 10 7 8 [1,0,4,3,2,5,10,13,12,11,9,6,7,8]
SURV 10 8 4 [1,0,4,3,2,5,11,7,10,9,8,6,13,12]
SURV 10 7 8 [1,0,4,3,2,5,11,8,9,10,7,6,13,12]
SURV 10 8 4 [1,0,4,3,2,5,11,9,8,7,10,6,13,12]
SURV 10 7 8 [1,0,4,3,2,5,11,12,13,10,7,8,9,6]
SURV 10 6 4 [1,0,4,3,2,5,11,12,13,10,9,6,7,8]
SURV 10 7 4 [1,0,4,3,2,5,12,13,8,11,10,9,6,7]
SURV 10 7 8 [1,0,4,3,2,5,12,13,9,10,11,8,6,7]
SURV 10 6 8 [1,0,4,3,2,5,12,13,9,10,11,8,7,6]
SURV 10 7 2 [1,0,4,3,2,8,6,7,5,11,10,9,13,12]
SURV 10 5 2 [1,0,4,3,2,8,7,6,5,11,10,9,13,12]
SURV 10 6 8 [1,0,4,3,2,8,12,13,9,10,11,5,6,7]
SURV 10 7 4 [1,0,4,3,2,11,7,6,10,9,8,5,13,12]
SURV 10 7 8 [1,0,4,5,6,3,2,9,8,7,10,12,13,11]
SURV 10 7 8 [1,0,4,5,6,3,2,9,8,7,10,13,11,12]
SURV 10 6 8 [1,0,4,5,6,3,2,9,8,7,10,13,12,11]
SURV 10 6 8 [1,0,4,5,6,3,2,9,8,7,11,12,13,10]
SURV 10 6 8 [1,0,4,5,6,3,2,9,8,7,13,10,11,12]
SURV 10 5 8 [1,0,4,5,6,3,2,9,8,7,13,12,11,10]
SURV 10 6 4 [1,0,4,5,6,3,2,9,10,11,8,7,13,12]
SURV 10 7 8 [1,0,4,5,6,3,2,11,8,9,10,7,13,12]
SURV 10 6 4 [1,0,4,5,6,3,2,11,10,7,8,9,13,12]
SURV 10 6 8 [1,0,4,5,6,3,2,11,12,13,10,7,8,9]
SURV 10 8 4 [1,0,4,5,6,3,11,2,10,7,8,9,13,12]
SURV 10 7 8 [1,0,4,5,6,3,13,12,2,7,8,11,10,9]
SURV 10 7 8 [1,0,4,7,6,5,8,11,10,9,2,3,13,12]
SURV 10 7 8 [1,0,5,6,7,4,8,11,10,9,2,3,13,12]
SURV 10 7 4 [1,0,5,6,7,4,9,10,11,8,2,3,13,12]
SURV 10 8 8 [1,0,6,3,4,5,2,9,8,7,10,12,13,11]
SURV 10 7 4 [1,0,6,3,4,5,2,9,8,7,10,13,12,11]
SURV 10 7 8 [1,0,6,3,4,5,2,9,8,7,11,12,13,10]
SURV 10 6 4 [1,0,6,3,4,5,2,9,8,7,13,12,11,10]
SURV 10 8 2 [1,0,6,3,4,5,2,11,8,9,10,7,13,12]
SURV 10 7 4 [1,0,6,3,4,5,2,11,12,13,10,7,8,9]
SURV 10 6 4 [1,0,6,5,4,7,8,11,10,9,2,3,13,12]
SURV 10 7 8 [1,0,6,7,8,5,2,3,4,9,10,12,13,11]
SURV 10 6 4 [1,0,6,7,8,5,2,3,4,9,10,13,12,11]
SURV 10 7 8 [1,0,6,7,8,5,2,3,4,9,11,12,13,10]
SURV 10 9 8 [1,0,6,7,8,5,2,3,4,9,11,13,10,12]
SURV 10 8 8 [1,0,6,7,8,5,2,3,4,9,11,13,12,10]
SURV 10 8 8 [1,0,6,7,8,5,2,3,4,9,12,11,13,10]
SURV 10 7 4 [1,0,6,7,8,5,2,3,4,9,12,13,10,11]
SURV 10 7 8 [1,0,6,7,8,5,2,3,4,9,12,13,11,10]
SURV 10 8 4 [1,0,6,7,8,5,2,3,4,9,13,11,12,10]
SURV 10 6 4 [1,0,6,7,8,5,2,3,4,9,13,12,11,10]
SURV 10 6 8 [1,0,6,7,8,5,4,9,10,13,12,11,2,3]
SURV 10 7 8 [1,0,6,7,8,5,4,9,11,12,13,10,2,3]
SURV 10 8 8 [1,0,6,7,8,5,4,9,11,13,12,10,2,3]
SURV 10 7 8 [1,0,6,7,8,5,4,9,12,11,10,13,2,3]
SURV 10 6 8 [1,0,6,7,8,11,10,9,4,3,2,5,13,12]
SURV 10 6 8 [1,0,6,7,8,11,10,9,5,2,3,4,13,12]
SURV 10 7 8 [1,0,6,7,10,9,8,11,4,3,2,5,13,12]
SURV 10 7 8 [1,0,6,7,10,9,8,11,5,2,3,4,13,12]
SURV 10 7 8 [1,0,6,7,11,12,13,10,9,4,5,8,2,3]
SURV 10 8 4 [1,0,6,8,9,10,7,11,5,2,3,4,13,12]
SURV 10 7 8 [1,0,6,9,8,7,10,13,12,11,2,5,4,3]
SURV 10 7 8 [1,0,6,9,8,7,10,13,12,11,5,2,3,4]
SURV 10 8 4 [1,0,6,10,7,8,9,11,5,2,3,4,13,12]
SURV 10 8 8 [1,0,6,11,8,9,10,7,5,2,3,4,13,12]
SURV 10 9 8 [1,0,6,11,8,10,9,7,5,2,3,4,13,12]
SURV 10 7 8 [1,0,7,8,9,6,3,4,5,2,11,12,13,10]
SURV 10 7 8 [1,0,7,8,9,6,3,4,5,2,13,10,11,12]
SURV 10 6 8 [1,0,7,8,9,6,3,4,5,2,13,12,11,10]
SURV 10 7 8 [1,0,7,8,9,6,5,2,3,4,10,12,13,11]
SURV 10 6 4 [1,0,7,8,9,6,5,2,3,4,10,13,12,11]
SURV 10 6 8 [1,0,7,8,9,6,5,2,3,4,11,12,13,10]
SURV 10 5 4 [1,0,7,8,9,6,5,2,3,4,13,12,11,10]
SURV 10 7 8 [1,0,7,8,9,6,11,12,13,10,2,5,4,3]
SURV 10 6 4 [1,0,7,8,9,10,11,6,3,4,5,2,13,12]
SURV 10 5 4 [1,0,7,8,9,10,11,6,5,2,3,4,13,12]
SURV 10 7 8 [1,0,7,8,11,10,9,6,2,5,4,3,13,12]
SURV 10 7 8 [1,0,7,8,11,10,9,6,3,4,5,2,13,12]
SURV 10 6 8 [1,0,7,8,11,10,9,6,5,2,3,4,13,12]
SURV 10 8 4 [1,0,7,10,8,9,11,4,5,6,3,2,13,12]
SURV 10 8 2 [1,0,7,10,9,8,11,2,5,4,3,6,13,12]
SURV 10 8 8 [1,0,7,10,9,8,11,2,13,12,3,6,5,4]
SURV 10 7 4 [1,0,7,10,9,8,11,4,5,6,3,2,13,12]
SURV 10 8 4 [1,0,7,10,9,8,11,6,3,4,5,2,13,12]
SURV 10 7 4 [1,0,7,10,9,8,11,6,5,2,3,4,13,12]
SURV 10 9 8 [1,0,7,11,9,10,8,6,3,4,5,2,13,12]
SURV 10 8 8 [1,0,7,11,9,10,8,6,5,2,3,4,13,12]
SURV 10 7 8 [1,0,7,11,10,9,8,6,3,4,5,2,13,12]
SURV 10 6 8 [1,0,7,11,10,9,8,6,5,2,3,4,13,12]
SURV 10 7 8 [1,0,8,7,6,9,4,3,2,5,11,12,13,10]
SURV 10 6 4 [1,0,8,7,6,9,4,3,2,5,13,12,11,10]
SURV 10 6 8 [1,0,8,7,6,9,10,13,12,11,2,5,4,3]
SURV 10 6 8 [1,0,8,7,6,9,10,13,12,11,5,2,3,4]
SURV 10 7 8 [1,0,8,7,6,9,11,12,13,10,2,5,4,3]
SURV 10 8 8 [1,0,8,7,6,9,11,13,12,10,2,5,4,3]
SURV 10 7 8 [1,0,8,7,6,9,12,11,10,13,2,5,4,3]
SURV 10 7 8 [1,0,8,11,10,9,7,4,5,6,2,3,13,12]
SURV 10 7 8 [1,0,8,11,10,9,7,4,5,6,3,2,13,12]
SURV 10 8 8 [1,0,9,8,7,10,13,12,11,6,2,5,3,4]
SURV 10 7 8 [1,0,9,8,7,10,13,12,11,6,2,5,4,3]
SURV 10 7 8 [1,0,9,8,7,10,13,12,11,6,3,4,5,2]
SURV 10 6 8 [1,0,9,8,7,10,13,12,11,6,5,2,3,4]
SURV 10 6 4 [1,0,9,10,11,6,7,8,5,2,3,4,13,12]
SURV 10 7 8 [1,0,9,10,11,6,8,7,3,4,5,2,13,12]
SURV 10 7 8 [1,0,9,10,11,6,8,7,5,2,3,4,13,12]
SURV 10 7 4 [1,0,9,10,11,7,8,6,3,4,5,2,13,12]
SURV 10 6 4 [1,0,9,10,11,7,8,6,5,2,3,4,13,12]
SURV 10 6 4 [1,0,9,10,11,8,3,4,5,6,7,2,13,12]
SURV 10 7 8 [1,0,9,10,11,8,3,4,7,6,5,2,13,12]
SURV 10 8 4 [1,0,9,10,11,8,3,6,5,4,7,2,13,12]
SURV 10 9 8 [1,0,9,10,11,8,3,7,5,6,4,2,13,12]
SURV 10 7 8 [1,0,9,10,11,8,3,7,6,5,4,2,13,12]
SURV 10 7 8 [1,0,9,10,11,8,5,6,7,2,4,3,13,12]
SURV 10 7 4 [1,0,9,10,11,8,5,6,7,3,4,2,13,12]
SURV 10 7 4 [1,0,9,10,11,8,5,6,7,4,2,3,13,12]
SURV 10 6 4 [1,0,9,10,11,8,5,6,7,4,3,2,13,12]
SURV 10 7 4 [1,0,9,10,11,8,6,7,3,4,5,2,13,12]
SURV 10 7 2 [1,0,9,10,11,8,6,7,5,2,3,4,13,12]
SURV 10 6 4 [1,0,9,10,11,8,7,4,5,6,2,3,13,12]
SURV 10 6 4 [1,0,9,10,11,8,7,4,5,6,3,2,13,12]
SURV 10 6 4 [1,0,9,10,11,8,7,6,3,4,5,2,13,12]
SURV 10 5 2 [1,0,9,10,11,8,7,6,5,2,3,4,13,12]
SURV 10 6 8 [1,0,9,10,13,12,11,6,7,8,5,2,3,4]
SURV 10 7 8 [1,0,9,11,12,13,10,6,7,8,5,2,3,4]
SURV 10 8 8 [1,0,9,11,13,12,10,6,7,8,5,2,3,4]
SURV 10 7 8 [1,0,9,12,11,10,13,6,7,8,5,2,3,4]
SURV 10 8 4 [1,0,10,11,4,9,6,7,8,5,2,3,13,12]
SURV 10 8 4 [1,0,10,11,5,8,7,6,9,4,2,3,13,12]
SURV 10 7 4 [1,0,10,11,5,8,7,6,9,4,3,2,13,12]
SURV 10 7 4 [1,0,10,11,7,8,9,6,3,4,5,2,13,12]
SURV 10 7 8 [1,0,10,12,13,11,9,4,5,6,7,8,2,3]
SURV 10 9 8 [1,0,10,12,13,11,9,4,7,6,5,8,2,3]
SURV 10 8 8 [1,0,10,12,13,11,9,6,7,8,2,5,4,3]
SURV 10 8 8 [1,0,10,12,13,11,9,6,7,8,5,2,3,4]
SURV 10 8 8 [1,0,10,13,12,11,4,9,6,7,8,5,2,3]
SURV 10 8 8 [1,0,10,13,12,11,5,8,7,6,9,4,2,3]
SURV 10 7 8 [1,0,10,13,12,11,5,8,7,6,9,4,3,2]
SURV 10 7 8 [1,0,10,13,12,11,7,8,9,6,2,5,4,3]
SURV 10 7 8 [1,0,10,13,12,11,7,8,9,6,3,4,5,2]
SURV 10 6 8 [1,0,10,13,12,11,7,8,9,6,5,2,3,4]
SURV 10 6 8 [1,0,10,13,12,11,9,4,5,6,7,8,2,3]
SURV 10 8 8 [1,0,10,13,12,11,9,4,7,6,5,8,2,3]
SURV 10 7 8 [1,0,10,13,12,11,9,6,7,8,5,2,3,4]
SURV 10 7 4 [1,0,11,8,9,10,7,4,5,6,3,2,13,12]
SURV 10 7 2 [1,0,11,8,9,10,7,6,3,4,5,2,13,12]
SURV 10 6 2 [1,0,11,10,7,8,9,4,5,6,3,2,13,12]
SURV 10 6 8 [1,0,11,10,9,12,13,6,7,8,5,2,3,4]
SURV 10 6 8 [1,0,11,10,9,13,12,6,7,8,5,2,3,4]
SURV 10 6 8 [1,0,11,12,13,10,7,8,9,4,5,6,2,3]
SURV 10 6 8 [1,0,11,12,13,10,7,8,9,4,5,6,3,2]
SURV 10 7 8 [1,0,11,12,13,10,7,8,9,6,3,4,5,2]
SURV 10 6 8 [1,0,11,12,13,10,7,8,9,6,5,2,3,4]
SURV 10 5 8 [1,0,11,12,13,10,9,4,5,6,7,8,2,3]
SURV 10 7 8 [1,0,11,12,13,10,9,4,7,6,5,8,2,3]
SURV 10 7 4 [1,0,12,13,4,7,6,5,8,11,10,9,2,3]
SURV 10 6 4 [1,0,12,13,6,5,4,7,8,11,10,9,2,3]
SURV 10 7 8 [1,0,12,13,6,5,4,7,9,10,11,8,2,3]
SURV 10 7 4 [1,0,12,13,6,5,4,7,10,9,8,11,2,3]
SURV 10 6 8 [1,0,12,13,7,8,9,10,11,6,3,4,5,2]
SURV 10 8 8 [1,0,12,13,7,10,9,8,11,6,3,4,5,2]
SURV 10 7 4 [1,0,12,13,8,11,10,9,4,7,6,5,2,3]
SURV 10 7 8 [1,0,12,13,8,11,10,9,7,4,5,6,2,3]
SURV 10 7 8 [1,0,12,13,9,10,11,8,5,6,7,4,2,3]
SURV 10 6 8 [1,0,12,13,9,10,11,8,5,6,7,4,3,2]
SURV 10 6 4 [1,0,12,13,9,10,11,8,7,4,5,6,2,3]
SURV 10 8 8 [1,2,0,3,4,9,6,7,8,5,11,12,13,10]
SURV 10 8 8 [1,2,0,3,4,9,6,7,8,5,13,10,11,12]
SURV 10 7 8 [1,2,0,3,4,9,6,7,8,5,13,12,11,10]
SURV 10 6 8 [1,2,0,3,4,9,8,7,6,5,11,12,13,10]
SURV 10 6 8 [1,2,0,3,4,9,8,7,6,5,13,10,11,12]
SURV 10 5 8 [1,2,0,3,4,9,8,7,6,5,13,12,11,10]
SURV 10 8 4 [1,2,0,3,6,5,4,9,8,7,10,12,13,11]
SURV 10 8 4 [1,2,0,3,6,5,4,9,8,7,10,13,11,12]
SURV 10 7 8 [1,2,0,3,6,5,4,9,8,7,10,13,12,11]
SURV 10 7 8 [1,2,0,3,6,5,4,9,8,7,11,12,13,10]
SURV 10 7 8 [1,2,0,3,6,5,4,9,8,7,13,10,11,12]
SURV 10 6 8 [1,2,0,3,6,5,4,9,8,7,13,12,11,10]
SURV 10 7 8 [1,2,0,3,6,5,4,11,12,13,10,7,8,9]
SURV 10 8 8 [1,2,3,0,4,9,6,7,8,5,11,12,13,10]
SURV 10 8 8 [1,2,3,0,4,9,6,7,8,5,13,10,11,12]
SURV 10 7 8 [1,2,3,0,4,9,6,7,8,5,13,12,11,10]
SURV 10 6 8 [1,2,3,0,4,9,8,7,6,5,11,12,13,10]
SURV 10 6 8 [1,2,3,0,4,9,8,7,6,5,13,10,11,12]
SURV 10 5 8 [1,2,3,0,4,9,8,7,6,5,13,12,11,10]
SURV 10 6 8 [1,2,3,0,6,5,4,9,8,7,10,13,12,11]
SURV 10 6 4 [1,2,3,0,6,5,4,9,8,7,11,12,13,10]
SURV 10 6 4 [1,2,3,0,6,5,4,9,8,7,13,10,11,12]
SURV 10 5 8 [1,2,3,0,6,5,4,9,8,7,13,12,11,10]
SURV 10 6 8 [1,2,3,0,6,5,4,11,12,13,10,7,8,9]
SURV 10 7 8 [1,2,3,0,6,5,13,12,4,7,8,11,10,9]
SURV 10 7 8 [1,2,3,0,8,5,4,9,10,13,12,11,7,6]
SURV 10 7 8 [1,2,3,0,8,5,6,7,4,9,10,13,12,11]
SURV 10 10 8 [1,2,3,0,8,5,6,7,4,9,11,13,10,12]
SURV 10 9 8 [1,2,3,0,8,5,6,7,4,9,11,13,12,10]
SURV 10 10 8 [1,2,3,0,8,5,6,7,4,9,12,10,13,11]
SURV 10 9 8 [1,2,3,0,8,5,6,7,4,9,12,11,13,10]
SURV 10 8 8 [1,2,3,0,8,5,6,7,4,9,12,13,10,11]
SURV 10 8 8 [1,2,3,0,8,5,6,7,4,9,12,13,11,10]
SURV 10 9 8 [1,2,3,0,8,5,6,7,4,9,13,10,12,11]
SURV 10 9 8 [1,2,3,0,8,5,6,7,4,9,13,11,10,12]
SURV 10 9 8 [1,2,3,0,8,5,6,7,4,9,13,11,12,10]
SURV 10 8 8 [1,2,3,0,8,5,6,7,4,9,13,12,10,11]
SURV 10 7 8 [1,2,3,0,8,5,6,7,4,9,13,12,11,10]
SURV 10 5 8 [1,2,3,0,8,7,6,5,4,9,10,13,12,11]
SURV 10 8 8 [1,2,3,0,8,7,6,5,4,9,11,13,10,12]
SURV 10 7 8 [1,2,3,0,8,7,6,5,4,9,11,13,12,10]
SURV 10 8 8 [1,2,3,0,8,7,6,5,4,9,12,10,13,11]
SURV 10 7 8 [1,2,3,0,8,7,6,5,4,9,12,11,13,10]
SURV 10 6 8 [1,2,3,0,8,7,6,5,4,9,12,13,10,11]
SURV 10 6 8 [1,2,3,0,8,7,6,5,4,9,12,13,11,10]
SURV 10 7 8 [1,2,3,0,8,7,6,5,4,9,13,10,12,11]
SURV 10 7 8 [1,2,3,0,8,7,6,5,4,9,13,11,10,12]
SURV 10 7 8 [1,2,3,0,8,7,6,5,4,9,13,11,12,10]
SURV 10 6 8 [1,2,3,0,8,7,6,5,4,9,13,12,10,11]
SURV 10 5 8 [1,2,3,0,8,7,6,5,4,9,13,12,11,10]
SURV 10 9 8 [1,3,0,2,4,9,6,7,8,5,13,12,11,10]
SURV 10 7 8 [1,3,0,2,4,9,8,7,6,5,13,12,11,10]
SURV 10 8 8 [1,3,2,0,4,9,6,7,8,5,13,12,11,10]
SURV 10 6 8 [1,3,2,0,4,9,8,7,6,5,13,12,11,10]
SURV 10 6 4 [2,1,0,3,4,9,6,7,8,5,13,12,11,10]
SURV 10 4 4 [2,1,0,3,4,9,8,7,6,5,13,12,11,10]
SURV 10 6 2 [2,1,0,3,6,5,4,9,8,7,10,13,12,11]
SURV 10 5 4 [2,1,0,3,6,5,4,9,8,7,13,12,11,10]
SURV 10 6 4 [2,1,0,3,6,5,4,11,12,13,10,7,8,9]
SURV 10 8 8 [2,1,3,0,4,9,6,7,8,5,13,12,11,10]
SURV 10 6 8 [2,1,3,0,4,9,8,7,6,5,13,12,11,10]
SURV 10 7 4 [2,3,0,1,4,9,6,7,8,5,13,12,11,10]
SURV 10 5 4 [2,3,0,1,4,9,8,7,6,5,13,12,11,10]
SURV 10 7 8 [2,3,1,0,4,9,6,7,8,5,13,12,11,10]
SURV 10 5 8 [2,3,1,0,4,9,8,7,6,5,13,12,11,10]
SURV 10 8 4 [3,1,2,0,4,9,6,7,8,5,13,12,11,10]
SURV 10 6 4 [3,1,2,0,4,9,8,7,6,5,13,12,11,10]
SURV 10 6 4 [3,2,1,0,4,9,6,7,8,5,13,12,11,10]
SURV 10 4 4 [3,2,1,0,4,9,8,7,6,5,13,12,11,10]
SURV 10 4 2 [3,2,1,0,6,5,4,9,8,7,13,12,11,10]
SURV 10 5 4 [3,2,1,0,6,5,4,11,12,13,10,7,8,9]
SURV 10 6 8 [3,2,1,0,6,5,13,12,4,7,8,11,10,9]
SURV 10 6 2 [4,5,6,3,0,1,2,11,12,13,10,7,8,9]
